Results conditional on p_subs = 0.2

S1: -479.6300979502439
S2: -475.8699984883867
V1: -474.3480940942507
V2: -468.8307434114611
F1: -475.46134590530227
F2: -467.0239237633065

