Results conditional on p_subs = 0.8

S1: -479.63438979688556
S2: -474.9582893426067
V1: -474.3901126368866
V2: -466.61638893254843
F1: -475.47948640999795
F2: -469.2832427637497

